{
    "_versionMajor": 0,
    "_versionMinor": 2,
    "boundsCenter": {
        "x": 0,
        "y": 0,
        "z": 2.53086996078491
    },
    "boundsSize": {
        "x": 3.02678442001343,
        "y": 1.7600085735321,
        "z": 0.931220293045044
    },
    "crop": {
        "w": 1.74582743644714,
        "x": 0.321947664022446,
        "y": -0.65057247877121,
        "z": 0.416442185640335
    },
    "depthFocalLength": {
        "x": 3801.5537109375,
        "y": 3677.48046875
    },
    "depthImageSize": {
        "x": 3840.0,
        "y": 2160.0
    },
    "depthPrincipalPoint": {
        "x": 2249.73510742188,
        "y": 1133.18994140625
    },
    "extrinsics": {
        "e00": 1,
        "e01": 0,
        "e02": 0,
        "e03": 0,
        "e10": 0,
        "e11": 1,
        "e12": 0,
        "e13": 0,
        "e20": 0,
        "e21": 0,
        "e22": 1,
        "e23": 0,
        "e30": 0,
        "e31": 0,
        "e32": 0,
        "e33": 1
    },
    "farClip": 2.99647998809814,
    "format": "perpixel",
    "nearClip": 2.0652596950531,
    "numAngles": 1,
    "textureHeight": 1080,
    "textureWidth": 1920
}
